[app/ui]
version = 6.6.2
modtime = 1507531576.325723700

[app/launcher]
version = 6.6.2
modtime = 1507531576.331740400
